25.00
25.00
25.00
25.00
10.00
10.00
35.00
45.00
14.00
29.00
252.00
24.00
8.00
25.00
31.00
50.00
20.00
60.00
59.00
30.00
25.00
8.00
10.00
44.00
155.00
50.00
20.00
30.00
25.00
50.00
25.00
125.00
10.00
23.00
27.00
522.00
15.00
10.00
50.00
10.00
10.00
30.00
275.00
300.00
35.00
210.00
25.00
50.00
169.00
85.00
165.00
30.00
1446.00
225.00
498.00
232.00
10.00
94.00
60.00
125.00
620.00
50.00
50.00
100.00
50.00
25.00
85.00
400.00
288.00
380.00
74.00
50.00
40.00
15.00
65.00
1184.00
180.00
146.00
50.00
160.00
195.00
484.00
100.00
105.00
352.00
48.00
202.00
385.00
45.00
50.00
25.00
100.00
493.00
120.00
135.00
189.00
40.00
25.00
410.00
204.69
60.00
473.00
25.00
1144.88
185.00
100.00
130.00
108.00
68.00
20.00
333.70
90.00
249.00
33.00
10.00
290.00
105.00
70.00
25.00
36.00
75.00
126.00
363.00
16.00
83.00
60.00
15.00
70.00
100.00
175.00
60.00
556.00
175.00
300.00
60.00
100.00
682.63
10.00
10.00
478.00
100.00
135.00
11.00
272.00
150.00
20.00
46.00
175.00
100.00
27.00
10.00
55.00
115.00
146.00
175.00
185.00
10.00
76.00
10.00
60.00
25.00
211.00
25.00
25.00
75.00
100.00
25.00
25.00
50.00
145.00
25.00
10.00
125.00
20.00
35.00
235.90
175.00
210.00
