249.00
75.00
682.63
165.00
10.00
185.00
85.00
25.00
70.00
108.00
94.00
493.00
363.00
484.00
210.00
400.00
60.00
100.00
25.00
40.00
125.00
65.00
175.00
105.00
100.00
60.00
146.00
70.00
300.00
175.00
235.90
1,184.00
1,144.88
185.00
50.00
10.00
50.00
50.00
115.00
169.00
352.00
135.00
410.00
175.00
30.00
175.00
50.00
210.00
55.00
1,446.00
275.00
556.00
120.00
211.00
522.00
620.00
180.00
195.00
290.00
333.70
60.00
160.00
25.00
498.00
130.00
50.00
146.00
48.00
473.00
25.00
105.00
60.00
145.00
225.00
10.00
100.00
60.00
75.00
50.00
385.00
125.00
204.69
83.00
288.00
232.00