36.00
40.00
59.00
25.00
478.00
25.00
10.00
16.00
175.00
100.00
25.00
11.00
25.00
25.00
10.00
29.00
25.00
27.00
50.00
30.00
125.00
44.00
60.00
10.00
380.00
8.00
68.00
100.00
10.00
35.00
8.00
23.00
135.00
45.00
25.00
25.00
150.00
50.00
20.00
100.00
15.00
25.00
31.00
10.00
272.00
50.00
300.00
25.00
25.00
100.00
20.00
60.00
25.00
20.00
10.00
30.00
100.00
85.00
10.00
14.00
20.00
25.00
252.00
100.00
30.00
35.00
50.00
25.00
10.00
24.00
10.00
27.00
45.00
74.00
90.00
10.00
33.00
50.00
25.00
76.00
15.00
158.00
50.00
25.00
189.00
15.00
10.00
35.00
20.00
126.00
10.00
25.00
202.00