60
50
61
50
25
68
50
150
550
55.01
125
142
100
15
25
35
40
107
100
201
50
1
87
40
76
118
20
400
235
375
25
100
100
25
10
75
125
250
1
20
230
125
258
25
54
75
75
46
100
77
100
450
75
50
105
15
96
150
39.94
225
25
150
10
30
150
310
100
115
10
400
10
125
1099
200
92
30
250
110
460
34
125
127
15
255
29
25
35
135
300
51
782
258.33
25
50
50
104
30
188.33
25
8
60
20
205
25
125
60
25
125
115
75
30
101
20
57
300
75
150
75
50
53
91
244
211
671
10
50
3
150.25
10
50
15
75
205
117
235
85
100
75
50
110
25
230
30
190
200
400
148
113
195
450
70
64
185
224
104
50
50
164.5
418.45
165
240
25
60
45
5
200
393
100
270
113
25
27
100
100
26
292
150
110
5
50
60
20
25
50
75
50
75
54
50
140
75
25
75
100
100
25
20
38
200
85
15
50
51
612
325
50
251
141
34
100
15
39
195
25
25
125
330
168
122
5
125
25
5
5
35
10
116
175
75
300
120
25
35
50
150
275
100
90
75
50
50
115
25
100
460
90
9
56
100
85
150
175
25
25
75
36.00
40.00
59.00
25.00
478.00
25.00
10.00
16.00
175.00
100.00
25.00
11.00
25.00
25.00
10.00
29.00
25.00
27.00
50.00
30.00
125.00
44.00
60.00
10.00
380.00
8.00
68.00
100.00
10.00
35.00
8.00
23.00
135.00
45.00
25.00
25.00
150.00
50.00
20.00
100.00
15.00
25.00
31.00
10.00
272.00
50.00
300.00
25.00
25.00
100.00
20.00
60.00
25.00
20.00
10.00
30.00
100.00
85.00
10.00
14.00
20.00
25.00
252.00
100.00
30.00
35.00
50.00
25.00
10.00
24.00
10.00
27.00
45.00
74.00
90.00
10.00
33.00
50.00
25.00
76.00
15.00
158.00
50.00
25.00
189.00
15.00
10.00
35.00
20.00
126.00
10.00
25.00
202.00