25
175
1180
439.3
92
210
450
315
165
151
79.63
275
1248
155
138
1025
375
35
196
90
200
500
248
140
94
403
1121
40
30
216
211.67
225
192.67
150
178.6
91
570
873
25
70
291
33
40
472.5
470
700
1197.26
152
76.66
593
75
315
249
126
66
210
246
183
150
119.63
578
1331
25
435
79.3
325
260
60
25
185
200
131
733
87
225
46.94
125
596
46
510
225
5
100
781
25
255
75
185
45
32
33
785
15
294
275
971.3
550.07
125
205
173
118
1034
528
475
590
945
641
352
262
110
180
350
525
610
400
90
226
242
260
155
1688
300
81
40
178
278
160
213
30
65
339
75
705
1201
126
260
517
205
160
761.5
85
253
413
715
319
341
1092.69
50
10
57
75
275
225
340.69
650
695
190
215
295
110
31
777
346
115
247
50
141
30
300
297
275
325
155
208.5
175
25
234
40
173
75
300
450
990
150
130
146
581
300
75
249.00
75.00
682.63
165.00
10.00
185.00
85.00
25.00
70.00
108.00
94.00
493.00
363.00
484.00
210.00
400.00
60.00
100.00
25.00
40.00
125.00
65.00
175.00
105.00
100.00
60.00
146.00
70.00
300.00
175.00
235.90
1,184.00
1,144.88
185.00
50.00
10.00
50.00
50.00
115.00
169.00
352.00
135.00
410.00
175.00
30.00
175.00
50.00
210.00
55.00
1,446.00
275.00
556.00
120.00
211.00
522.00
620.00
180.00
195.00
290.00
333.70
60.00
160.00
25.00
498.00
130.00
50.00
146.00
48.00
473.00
25.00
105.00
60.00
145.00
225.00
10.00
100.00
60.00
75.00
50.00
385.00
125.00
204.69
83.00
288.00
232.00